107
1 48 12 3 1 0.001 1
1 96 48 3 2 0.001 1
1 48 96 1 1 0.001 1
1 48 96 1 1 0.001 1
1 48 48 1 1 0.001 1
1 48 48 3 1 0.001 1
1 48 48 1 1 0.001 1
1 48 48 3 1 0.001 1
1 96 96 1 1 0.001 1
1 192 96 3 2 0.001 1
1 96 192 1 1 0.001 1
1 96 192 1 1 0.001 1
1 96 96 1 1 0.001 1
1 96 96 3 1 0.001 1
1 96 96 1 1 0.001 1
1 96 96 3 1 0.001 1
1 96 96 1 1 0.001 1
1 96 96 3 1 0.001 1
1 96 96 1 1 0.001 1
1 96 96 3 1 0.001 1
1 96 96 1 1 0.001 1
1 96 96 3 1 0.001 1
1 96 96 1 1 0.001 1
1 96 96 3 1 0.001 1
1 192 192 1 1 0.001 1
1 384 192 3 2 0.001 1
1 192 384 1 1 0.001 1
1 192 384 1 1 0.001 1
1 192 192 1 1 0.001 1
1 192 192 3 1 0.001 1
1 192 192 1 1 0.001 1
1 192 192 3 1 0.001 1
1 192 192 1 1 0.001 1
1 192 192 3 1 0.001 1
1 192 192 1 1 0.001 1
1 192 192 3 1 0.001 1
1 192 192 1 1 0.001 1
1 192 192 3 1 0.001 1
1 192 192 1 1 0.001 1
1 192 192 3 1 0.001 1
1 384 384 1 1 0.001 1
1 768 384 3 2 0.001 1
1 384 768 1 1 0.001 1
1 768 1536 1 1 0.001 1
1 384 768 1 1 0.001 1
1 384 768 1 1 0.001 1
1 384 384 1 1 0.001 1
1 384 384 3 1 0.001 1
1 384 384 1 1 0.001 1
1 384 384 3 1 0.001 1
1 768 768 1 1 0.001 1
1 384 768 1 1 0.001 1
1 192 768 1 1 0.001 1
1 192 768 1 1 0.001 1
1 192 192 1 1 0.001 1
1 192 192 3 1 0.001 1
1 192 192 1 1 0.001 1
1 192 192 3 1 0.001 1
1 384 384 1 1 0.001 1
1 192 384 1 1 0.001 1
1 96 384 1 1 0.001 1
1 96 384 1 1 0.001 1
1 96 96 1 1 0.001 1
1 96 96 3 1 0.001 1
1 96 96 1 1 0.001 1
1 96 96 3 1 0.001 1
1 192 192 1 1 0.001 1
1 192 192 3 2 0.001 1
1 192 384 1 1 0.001 1
1 192 384 1 1 0.001 1
1 192 192 1 1 0.001 1
1 192 192 3 1 0.001 1
1 192 192 1 1 0.001 1
1 192 192 3 1 0.001 1
1 384 384 1 1 0.001 1
1 384 384 3 2 0.001 1
1 384 768 1 1 0.001 1
1 384 768 1 1 0.001 1
1 384 384 1 1 0.001 1
1 384 384 3 1 0.001 1
1 384 384 1 1 0.001 1
1 384 384 3 1 0.001 1
1 768 768 1 1 0.001 1
1 192 192 1 1 0.001 1
1 192 192 3 1 0.001 1
1 192 192 3 1 0.001 1
1 192 192 3 1 0.001 1
1 192 192 3 1 0.001 1
0 80 192 1 1 0 1
0 4 192 1 1 0 1
0 1 192 1 1 0 1
1 192 384 1 1 0.001 1
1 192 192 3 1 0.001 1
1 192 192 3 1 0.001 1
1 192 192 3 1 0.001 1
1 192 192 3 1 0.001 1
0 80 192 1 1 0 1
0 4 192 1 1 0 1
0 1 192 1 1 0 1
1 192 768 1 1 0.001 1
1 192 192 3 1 0.001 1
1 192 192 3 1 0.001 1
1 192 192 3 1 0.001 1
1 192 192 3 1 0.001 1
0 80 192 1 1 0 1
0 4 192 1 1 0 1
0 1 192 1 1 0 1
