155
1 80 12 3 1 0.001 1
1 160 80 3 2 0.001 1
1 80 160 1 1 0.001 1
1 80 160 1 1 0.001 1
1 80 80 1 1 0.001 1
1 80 80 3 1 0.001 1
1 80 80 1 1 0.001 1
1 80 80 3 1 0.001 1
1 80 80 1 1 0.001 1
1 80 80 3 1 0.001 1
1 80 80 1 1 0.001 1
1 80 80 3 1 0.001 1
1 160 160 1 1 0.001 1
1 320 160 3 2 0.001 1
1 160 320 1 1 0.001 1
1 160 320 1 1 0.001 1
1 160 160 1 1 0.001 1
1 160 160 3 1 0.001 1
1 160 160 1 1 0.001 1
1 160 160 3 1 0.001 1
1 160 160 1 1 0.001 1
1 160 160 3 1 0.001 1
1 160 160 1 1 0.001 1
1 160 160 3 1 0.001 1
1 160 160 1 1 0.001 1
1 160 160 3 1 0.001 1
1 160 160 1 1 0.001 1
1 160 160 3 1 0.001 1
1 160 160 1 1 0.001 1
1 160 160 3 1 0.001 1
1 160 160 1 1 0.001 1
1 160 160 3 1 0.001 1
1 160 160 1 1 0.001 1
1 160 160 3 1 0.001 1
1 160 160 1 1 0.001 1
1 160 160 3 1 0.001 1
1 160 160 1 1 0.001 1
1 160 160 3 1 0.001 1
1 160 160 1 1 0.001 1
1 160 160 3 1 0.001 1
1 320 320 1 1 0.001 1
1 640 320 3 2 0.001 1
1 320 640 1 1 0.001 1
1 320 640 1 1 0.001 1
1 320 320 1 1 0.001 1
1 320 320 3 1 0.001 1
1 320 320 1 1 0.001 1
1 320 320 3 1 0.001 1
1 320 320 1 1 0.001 1
1 320 320 3 1 0.001 1
1 320 320 1 1 0.001 1
1 320 320 3 1 0.001 1
1 320 320 1 1 0.001 1
1 320 320 3 1 0.001 1
1 320 320 1 1 0.001 1
1 320 320 3 1 0.001 1
1 320 320 1 1 0.001 1
1 320 320 3 1 0.001 1
1 320 320 1 1 0.001 1
1 320 320 3 1 0.001 1
1 320 320 1 1 0.001 1
1 320 320 3 1 0.001 1
1 320 320 1 1 0.001 1
1 320 320 3 1 0.001 1
1 320 320 1 1 0.001 1
1 320 320 3 1 0.001 1
1 320 320 1 1 0.001 1
1 320 320 3 1 0.001 1
1 640 640 1 1 0.001 1
1 1280 640 3 2 0.001 1
1 640 1280 1 1 0.001 1
1 1280 2560 1 1 0.001 1
1 640 1280 1 1 0.001 1
1 640 1280 1 1 0.001 1
1 640 640 1 1 0.001 1
1 640 640 3 1 0.001 1
1 640 640 1 1 0.001 1
1 640 640 3 1 0.001 1
1 640 640 1 1 0.001 1
1 640 640 3 1 0.001 1
1 640 640 1 1 0.001 1
1 640 640 3 1 0.001 1
1 1280 1280 1 1 0.001 1
1 640 1280 1 1 0.001 1
1 320 1280 1 1 0.001 1
1 320 1280 1 1 0.001 1
1 320 320 1 1 0.001 1
1 320 320 3 1 0.001 1
1 320 320 1 1 0.001 1
1 320 320 3 1 0.001 1
1 320 320 1 1 0.001 1
1 320 320 3 1 0.001 1
1 320 320 1 1 0.001 1
1 320 320 3 1 0.001 1
1 640 640 1 1 0.001 1
1 320 640 1 1 0.001 1
1 160 640 1 1 0.001 1
1 160 640 1 1 0.001 1
1 160 160 1 1 0.001 1
1 160 160 3 1 0.001 1
1 160 160 1 1 0.001 1
1 160 160 3 1 0.001 1
1 160 160 1 1 0.001 1
1 160 160 3 1 0.001 1
1 160 160 1 1 0.001 1
1 160 160 3 1 0.001 1
1 320 320 1 1 0.001 1
1 320 320 3 2 0.001 1
1 320 640 1 1 0.001 1
1 320 640 1 1 0.001 1
1 320 320 1 1 0.001 1
1 320 320 3 1 0.001 1
1 320 320 1 1 0.001 1
1 320 320 3 1 0.001 1
1 320 320 1 1 0.001 1
1 320 320 3 1 0.001 1
1 320 320 1 1 0.001 1
1 320 320 3 1 0.001 1
1 640 640 1 1 0.001 1
1 640 640 3 2 0.001 1
1 640 1280 1 1 0.001 1
1 640 1280 1 1 0.001 1
1 640 640 1 1 0.001 1
1 640 640 3 1 0.001 1
1 640 640 1 1 0.001 1
1 640 640 3 1 0.001 1
1 640 640 1 1 0.001 1
1 640 640 3 1 0.001 1
1 640 640 1 1 0.001 1
1 640 640 3 1 0.001 1
1 1280 1280 1 1 0.001 1
1 320 320 1 1 0.001 1
1 320 320 3 1 0.001 1
1 320 320 3 1 0.001 1
1 320 320 3 1 0.001 1
1 320 320 3 1 0.001 1
0 80 320 1 1 0 1
0 4 320 1 1 0 1
0 1 320 1 1 0 1
1 320 640 1 1 0.001 1
1 320 320 3 1 0.001 1
1 320 320 3 1 0.001 1
1 320 320 3 1 0.001 1
1 320 320 3 1 0.001 1
0 80 320 1 1 0 1
0 4 320 1 1 0 1
0 1 320 1 1 0 1
1 320 1280 1 1 0.001 1
1 320 320 3 1 0.001 1
1 320 320 3 1 0.001 1
1 320 320 3 1 0.001 1
1 320 320 3 1 0.001 1
0 80 320 1 1 0 1
0 4 320 1 1 0 1
0 1 320 1 1 0 1
