83
24 12 3 1 1 1
48 24 3 2 1 1
24 48 1 1 1 1
24 48 1 1 1 1
24 24 1 1 1 1
24 24 3 1 1 1
48 48 1 1 1 1
96 48 3 2 1 1
48 96 1 1 1 1
48 96 1 1 1 1
48 48 1 1 1 1
48 48 3 1 1 1
48 48 1 1 1 1
48 48 3 1 1 1
48 48 1 1 1 1
48 48 3 1 1 1
96 96 1 1 1 1
192 96 3 2 1 1
96 192 1 1 1 1
96 192 1 1 1 1
96 96 1 1 1 1
96 96 3 1 1 1
96 96 1 1 1 1
96 96 3 1 1 1
96 96 1 1 1 1
96 96 3 1 1 1
192 192 1 1 1 1
384 192 3 2 1 1
192 384 1 1 1 1
384 768 1 1 1 1
192 384 1 1 1 1
192 384 1 1 1 1
192 192 1 1 1 1
192 192 3 1 1 1
384 384 1 1 1 1
192 384 1 1 1 1
96 384 1 1 1 1
96 384 1 1 1 1
96 96 1 1 1 1
96 96 3 1 1 1
192 192 1 1 1 1
96 192 1 1 1 1
48 192 1 1 1 1
48 192 1 1 1 1
48 48 1 1 1 1
48 48 3 1 1 1
96 96 1 1 1 1
96 96 3 2 1 1
96 192 1 1 1 1
96 192 1 1 1 1
96 96 1 1 1 1
96 96 3 1 1 1
192 192 1 1 1 1
192 192 3 2 1 1
192 384 1 1 1 1
192 384 1 1 1 1
192 192 1 1 1 1
192 192 3 1 1 1
384 384 1 1 1 1
96 96 1 1 1 1
96 96 3 1 1 1
96 96 3 1 1 1
96 96 3 1 1 1
96 96 3 1 1 1
80 96 1 1 0 1
4 96 1 1 0 1
1 96 1 1 0 1
96 192 1 1 1 1
96 96 3 1 1 1
96 96 3 1 1 1
96 96 3 1 1 1
96 96 3 1 1 1
80 96 1 1 0 1
4 96 1 1 0 1
1 96 1 1 0 1
96 384 1 1 1 1
96 96 3 1 1 1
96 96 3 1 1 1
96 96 3 1 1 1
96 96 3 1 1 1
80 96 1 1 0 1
4 96 1 1 0 1
1 96 1 1 0 1
