83
1 32 12 3 1 0.001 1
1 64 32 3 2 0.001 1
1 32 64 1 1 0.001 1
1 32 64 1 1 0.001 1
1 32 32 1 1 0.001 1
1 32 32 3 1 0.001 1
1 64 64 1 1 0.001 1
1 128 64 3 2 0.001 1
1 64 128 1 1 0.001 1
1 64 128 1 1 0.001 1
1 64 64 1 1 0.001 1
1 64 64 3 1 0.001 1
1 64 64 1 1 0.001 1
1 64 64 3 1 0.001 1
1 64 64 1 1 0.001 1
1 64 64 3 1 0.001 1
1 128 128 1 1 0.001 1
1 256 128 3 2 0.001 1
1 128 256 1 1 0.001 1
1 128 256 1 1 0.001 1
1 128 128 1 1 0.001 1
1 128 128 3 1 0.001 1
1 128 128 1 1 0.001 1
1 128 128 3 1 0.001 1
1 128 128 1 1 0.001 1
1 128 128 3 1 0.001 1
1 256 256 1 1 0.001 1
1 512 256 3 2 0.001 1
1 256 512 1 1 0.001 1
1 512 1024 1 1 0.001 1
1 256 512 1 1 0.001 1
1 256 512 1 1 0.001 1
1 256 256 1 1 0.001 1
1 256 256 3 1 0.001 1
1 512 512 1 1 0.001 1
1 256 512 1 1 0.001 1
1 128 512 1 1 0.001 1
1 128 512 1 1 0.001 1
1 128 128 1 1 0.001 1
1 128 128 3 1 0.001 1
1 256 256 1 1 0.001 1
1 128 256 1 1 0.001 1
1 64 256 1 1 0.001 1
1 64 256 1 1 0.001 1
1 64 64 1 1 0.001 1
1 64 64 3 1 0.001 1
1 128 128 1 1 0.001 1
1 128 128 3 2 0.001 1
1 128 256 1 1 0.001 1
1 128 256 1 1 0.001 1
1 128 128 1 1 0.001 1
1 128 128 3 1 0.001 1
1 256 256 1 1 0.001 1
1 256 256 3 2 0.001 1
1 256 512 1 1 0.001 1
1 256 512 1 1 0.001 1
1 256 256 1 1 0.001 1
1 256 256 3 1 0.001 1
1 512 512 1 1 0.001 1
1 128 128 1 1 0.001 1
1 128 128 3 1 0.001 1
1 128 128 3 1 0.001 1
1 128 128 3 1 0.001 1
1 128 128 3 1 0.001 1
0 80 128 1 1 0 1
0 4 128 1 1 0 1
0 1 128 1 1 0 1
1 128 256 1 1 0.001 1
1 128 128 3 1 0.001 1
1 128 128 3 1 0.001 1
1 128 128 3 1 0.001 1
1 128 128 3 1 0.001 1
0 80 128 1 1 0 1
0 4 128 1 1 0 1
0 1 128 1 1 0 1
1 128 512 1 1 0.001 1
1 128 128 3 1 0.001 1
1 128 128 3 1 0.001 1
1 128 128 3 1 0.001 1
1 128 128 3 1 0.001 1
0 80 128 1 1 0 1
0 4 128 1 1 0 1
0 1 128 1 1 0 1
