113
1 16 12 3 1 0.001 1
1 16 1 3 2 0.001 16
1 32 16 1 1 0.001 1
1 16 32 1 1 0.001 1
1 16 32 1 1 0.001 1
1 16 16 1 1 0.001 1
1 16 1 3 1 0.001 16
1 16 16 1 1 0.001 1
1 32 32 1 1 0.001 1
1 32 1 3 2 0.001 32
1 64 32 1 1 0.001 1
1 32 64 1 1 0.001 1
1 32 64 1 1 0.001 1
1 32 32 1 1 0.001 1
1 32 1 3 1 0.001 32
1 32 32 1 1 0.001 1
1 32 32 1 1 0.001 1
1 32 1 3 1 0.001 32
1 32 32 1 1 0.001 1
1 32 32 1 1 0.001 1
1 32 1 3 1 0.001 32
1 32 32 1 1 0.001 1
1 64 64 1 1 0.001 1
1 64 1 3 2 0.001 64
1 128 64 1 1 0.001 1
1 64 128 1 1 0.001 1
1 64 128 1 1 0.001 1
1 64 64 1 1 0.001 1
1 64 1 3 1 0.001 64
1 64 64 1 1 0.001 1
1 64 64 1 1 0.001 1
1 64 1 3 1 0.001 64
1 64 64 1 1 0.001 1
1 64 64 1 1 0.001 1
1 64 1 3 1 0.001 64
1 64 64 1 1 0.001 1
1 128 128 1 1 0.001 1
1 128 1 3 2 0.001 128
1 256 128 1 1 0.001 1
1 128 256 1 1 0.001 1
1 256 512 1 1 0.001 1
1 128 256 1 1 0.001 1
1 128 256 1 1 0.001 1
1 128 128 1 1 0.001 1
1 128 1 3 1 0.001 128
1 128 128 1 1 0.001 1
1 256 256 1 1 0.001 1
1 128 256 1 1 0.001 1
1 64 256 1 1 0.001 1
1 64 256 1 1 0.001 1
1 64 64 1 1 0.001 1
1 64 1 3 1 0.001 64
1 64 64 1 1 0.001 1
1 128 128 1 1 0.001 1
1 64 128 1 1 0.001 1
1 32 128 1 1 0.001 1
1 32 128 1 1 0.001 1
1 32 32 1 1 0.001 1
1 32 1 3 1 0.001 32
1 32 32 1 1 0.001 1
1 64 64 1 1 0.001 1
1 64 1 3 2 0.001 64
1 64 64 1 1 0.001 1
1 64 128 1 1 0.001 1
1 64 128 1 1 0.001 1
1 64 64 1 1 0.001 1
1 64 1 3 1 0.001 64
1 64 64 1 1 0.001 1
1 128 128 1 1 0.001 1
1 128 1 3 2 0.001 128
1 128 128 1 1 0.001 1
1 128 256 1 1 0.001 1
1 128 256 1 1 0.001 1
1 128 128 1 1 0.001 1
1 128 1 3 1 0.001 128
1 128 128 1 1 0.001 1
1 256 256 1 1 0.001 1
1 64 64 1 1 0.001 1
1 64 1 3 1 0.001 64
1 64 64 1 1 0.001 1
1 64 1 3 1 0.001 64
1 64 64 1 1 0.001 1
1 64 1 3 1 0.001 64
1 64 64 1 1 0.001 1
1 64 1 3 1 0.001 64
1 64 64 1 1 0.001 1
0 80 64 1 1 0 1
0 4 64 1 1 0 1
0 1 64 1 1 0 1
1 64 128 1 1 0.001 1
1 64 1 3 1 0.001 64
1 64 64 1 1 0.001 1
1 64 1 3 1 0.001 64
1 64 64 1 1 0.001 1
1 64 1 3 1 0.001 64
1 64 64 1 1 0.001 1
1 64 1 3 1 0.001 64
1 64 64 1 1 0.001 1
0 80 64 1 1 0 1
0 4 64 1 1 0 1
0 1 64 1 1 0 1
1 64 256 1 1 0.001 1
1 64 1 3 1 0.001 64
1 64 64 1 1 0.001 1
1 64 1 3 1 0.001 64
1 64 64 1 1 0.001 1
1 64 1 3 1 0.001 64
1 64 64 1 1 0.001 1
1 64 1 3 1 0.001 64
1 64 64 1 1 0.001 1
0 80 64 1 1 0 1
0 4 64 1 1 0 1
0 1 64 1 1 0 1
